24.0 24.0 232.04934687885427 -174.13654788754064 290.1214294433594
40.0 24.0 159.05508678225226 -54.725341000877634 168.2063751220703
56.0 24.0 174.12948990998865 -53.56293950059877 182.18141174316406
72.0 24.0 174.92619077277274 -43.11315494937895 180.1608123779297
88.0 24.0 185.2412322201003 -42.222812896735626 189.9923095703125
104.0 24.0 190.81036801678528 -25.72544095477172 192.5367431640625
120.0 24.0 190.3960082630366 -23.06321209278862 191.78778076171875
136.0 24.0 202.57090681717673 -16.75129621055722 203.26234436035156
152.0 24.0 204.66025351719242 -2.5154461839195883 204.6757049560547
168.0 24.0 209.86620058525767 5.8727752680142205 209.94834899902344
184.0 24.0 216.35621472888823 24.321994743940255 217.71902465820312
200.0 24.0 211.95935706849326 12.881987332988752 212.35044860839844
216.0 24.0 201.37970477293257 5.499274405364011 201.45477294921875
232.0 24.0 205.67400080639388 21.50032363865283 206.7947235107422
248.0 24.0 201.43440651111257 20.930740127115342 202.5189208984375
264.0 24.0 200.04371233939358 19.470321987186587 200.98899841308594
280.0 24.0 182.15327835657268 15.510188332433088 182.8124237060547
296.0 24.0 192.62958758729513 17.036854828373833 193.3815155029297
312.0 24.0 172.46730558736022 17.496581710378056 173.3525390625
328.0 24.0 160.14123994570923 14.936523687334253 160.8363037109375
344.0 24.0 158.91827314325178 12.70120500781179 159.42501831054688
360.0 24.0 152.699712938167 17.9437197472045 153.75038146972656
376.0 24.0 137.10034406346813 9.699236729273952 137.44300842285156
392.0 24.0 124.36421131929573 6.315209239981879 124.52445220947266
408.0 24.0 120.06897332834278 4.666267466858315 120.15961456298828
424.0 24.0 107.73034032782931 4.438651067085649 107.82173919677734
440.0 24.0 107.31760351880402 25.515714148355965 110.3092041015625
456.0 24.0 96.89361916635457 -1.2670137179187502 96.90190124511719
472.0 24.0 83.07334544713132 10.19751144310448 83.69689178466797
488.0 24.0 5.774504410072616 88.78363948088696 88.97122955322266
24.0 40.0 132.19024529614617 -148.01385864644328 198.4499053955078
40.0 40.0 45.5996510753034 -32.19297809280208 55.818599700927734
56.0 40.0 45.3349224383396 -35.685657363421335 57.695072174072266
72.0 40.0 37.364896260534366 -20.534772489250198 42.63581085205078
88.0 40.0 47.717812249836804 -15.976550150989409 50.32136535644531
104.0 40.0 48.97126284486107 -12.168096892587489 50.46035385131836
120.0 40.0 31.840278768142234 -27.787323949497235 42.26036834716797
136.0 40.0 64.7624300322358 13.718787484776746 66.19953155517578
152.0 40.0 48.60644102647561 0.45458820473102907 48.60856628417969
168.0 40.0 48.13878561954905 -4.057200210244613 48.30945587158203
184.0 40.0 48.6244804925207 -9.204460850683411 49.487998962402344
200.0 40.0 40.66797356509992 -4.410006990480413 40.9063835144043
216.0 40.0 45.4543507038401 5.485583214156016 45.78416442871094
232.0 40.0 48.21012793269627 4.329390807299936 48.40413284301758
248.0 40.0 43.029146303489355 8.677279423150548 43.89535903930664
264.0 40.0 30.645055240799252 -0.19651374082225553 30.64568519592285
280.0 40.0 35.816271029775784 4.416331823906474 36.087520599365234
296.0 40.0 32.43306651733268 4.378256737036025 32.72724914550781
312.0 40.0 33.564953959016144 1.3688538143509164 33.59285354614258
328.0 40.0 31.26066315481373 3.929007237605801 31.50660514831543
344.0 40.0 33.39180508219346 6.741615311647738 34.065555572509766
360.0 40.0 22.993391994742296 1.9673066795807468 23.07740020751953
376.0 40.0 23.527719687411036 1.2769955984957164 23.562349319458008
392.0 40.0 21.71864951373803 10.791940316472612 24.25212860107422
408.0 40.0 19.629326269844174 5.370966750045553 20.350866317749023
424.0 40.0 21.506301382776662 7.798494551657261 22.876571655273438
440.0 40.0 12.655723990029742 8.714304394780491 15.365756034851074
456.0 40.0 6.631302267453189 8.425153784708183 10.721817970275879
472.0 40.0 8.72761575235438 11.02044414499935 14.05778980255127
488.0 40.0 -89.25274896403437 124.4536080236537 153.14944458007812
24.0 56.0 134.32778622302303 -161.9186493781553 210.38441467285156
40.0 56.0 47.952647712385605 -45.92367270546449 66.39608764648438
56.0 56.0 52.55673650738951 -41.12651512881685 66.73530578613281
72.0 56.0 39.730459281535644 -26.220516965322595 47.602783203125
88.0 56.0 56.99582517954398 -20.388314685691352 60.53269577026367
104.0 56.0 49.46049098653581 -16.724221622963523 52.211490631103516
120.0 56.0 50.436243603446755 -4.884483174986577 50.672210693359375
136.0 56.0 48.7096425699389 -14.062239975347753 50.698875427246094
152.0 56.0 52.42038868046251 -3.3646611499051233 52.52825927734375
168.0 56.0 62.25174620146881 5.989551527011023 62.53922653198242
184.0 56.0 50.89125487515057 5.301629050955474 51.16666030883789
200.0 56.0 49.02969906053213 6.314248887357765 49.43461608886719
216.0 56.0 35.2393429995872 6.209101997160474 35.78217697143555
232.0 56.0 45.27475075214785 1.8999527391323 45.314598083496094
248.0 56.0 44.081964092501174 -1.8227743028332573 44.119632720947266
264.0 56.0 37.681280174420955 10.761731347138019 39.18792724609375
280.0 56.0 38.738427440247094 10.107759735671884 40.03539276123047
296.0 56.0 30.43620800320961 14.654579434280928 33.780460357666016
312.0 56.0 25.83407651620314 10.68745229531307 27.957489013671875
328.0 56.0 33.04567116240464 5.658959674542834 33.526710510253906
344.0 56.0 29.89292315302353 2.772892547621167 30.021255493164062
360.0 56.0 25.538599005864846 4.918820633514764 26.007976531982422
376.0 56.0 23.756815901542236 6.037399835267581 24.511966705322266
392.0 56.0 23.64598126970309 -0.6925725824131885 23.6561222076416
408.0 56.0 23.406773509369305 5.7433677813455 24.101106643676758
424.0 56.0 21.125472807672917 11.141221680950046 23.88330841064453
440.0 56.0 11.532152709214527 11.94268095909584 16.60175132751465
456.0 56.0 -1.2350441931690663 28.476992944023465 28.503761291503906
472.0 56.0 3.3173401949470986 21.942761453367662 22.19210433959961
488.0 56.0 -103.3266046186789 135.82813720325285 170.66244506835938
24.0 72.0 119.96261460786621 -160.49959789832377 200.3775177001953
40.0 72.0 36.36781036485389 -35.26466391782705 50.657814025878906
56.0 72.0 36.93460829448193 -40.175594169859465 54.57328796386719
72.0 72.0 28.398182475405047 -23.50560148413956 36.86421203613281
88.0 72.0 39.833702767183276 -26.5823264402585 47.88887023925781
104.0 72.0 43.553947020104225 -11.690749498808081 45.09567642211914
120.0 72.0 35.62674419390421 -11.51306749341854 37.440826416015625
136.0 72.0 25.23382663150704 -11.295908806135552 27.646764755249023
152.0 72.0 52.572955434759336 -4.976660798783584 52.807979583740234
168.0 72.0 38.6820130617267 -0.44733491363602224 38.684600830078125
184.0 72.0 31.758965958534134 -7.7615980810675405 32.693641662597656
200.0 72.0 35.732948142455975 -3.81090916608094 35.93558883666992
216.0 72.0 34.572698483870376 5.5602291629715905 35.01696014404297
232.0 72.0 20.11900846648413 9.402699036370496 22.207775115966797
248.0 72.0 31.577872183119517 3.730741427389756 31.7974910736084
264.0 72.0 24.860861384799474 11.328915553058959 27.320446014404297
280.0 72.0 20.128341403551538 9.218336080773575 22.138832092285156
296.0 72.0 17.471225292310653 5.201038052688087 18.228946685791016
312.0 72.0 12.66572069160649 3.8445727688770983 13.236359596252441
328.0 72.0 16.100572420168916 6.547072846288156 17.38081169128418
344.0 72.0 12.402396714931312 4.9230338668643645 13.343751907348633
360.0 72.0 17.019509854974327 6.198055631425025 18.11296844482422
376.0 72.0 8.882705445534532 9.888888601125357 13.29257583618164
392.0 72.0 8.641499890002397 4.911030603578261 9.93950366973877
408.0 72.0 14.94832692835567 6.009917391185625 16.111225128173828
424.0 72.0 6.315914649533941 21.671704573408352 22.573293685913086
440.0 72.0 1.0437344194448712 9.537026559104879 9.59397029876709
456.0 72.0 -10.737996211731579 28.071969474097223 30.05561637878418
472.0 72.0 -10.632666450205173 22.251305894628295 24.66118812561035
488.0 72.0 -111.62093254992756 150.88351654282096 187.6834259033203
24.0 88.0 124.5177635097401 -167.74780276911628 208.91146850585938
40.0 88.0 31.924960108225747 -37.911073140976555 49.5626106262207
56.0 88.0 34.40458600285734 -40.75822698630815 53.337684631347656
72.0 88.0 34.34265105834358 -18.744978075046408 39.125335693359375
88.0 88.0 41.28414298652251 -32.27508864651001 52.40288162231445
104.0 88.0 38.89484296496276 -28.109226616259 47.988929748535156
120.0 88.0 46.69297858080053 -18.30099467893251 50.1513786315918
136.0 88.0 36.929648473873115 -9.12175738510386 38.03952407836914
152.0 88.0 42.417021644614444 -8.575231326583191 43.275146484375
168.0 88.0 47.63301058508817 -0.4397386127376052 47.635040283203125
184.0 88.0 40.02389813689436 3.6310757918256815 40.188270568847656
200.0 88.0 41.3308728428469 6.982553620339741 41.91654968261719
216.0 88.0 23.913556115125417 -2.613181932979122 24.055912017822266
232.0 88.0 23.782086259134356 2.1776186277785503 23.881574630737305
248.0 88.0 33.22682449018398 7.482259267050075 34.058860778808594
264.0 88.0 32.99381156705476 14.594539761316872 36.07758712768555
280.0 88.0 21.320094548171145 -0.5062632661884113 21.32610511779785
296.0 88.0 19.024951169036903 4.833884847776394 19.62944793701172
312.0 88.0 15.537523249403469 5.342898340912103 16.430496215820312
328.0 88.0 15.751387117161908 2.5982726664375444 15.964247703552246
344.0 88.0 13.099949542289211 3.995748528568305 13.69579029083252
360.0 88.0 19.361080015204635 4.531578743838852 19.88433074951172
376.0 88.0 12.494383728008962 5.036368420368225 13.47125244140625
392.0 88.0 11.903209874686166 15.211799298383944 19.315414428710938
408.0 88.0 10.992057108516127 14.077185894255145 17.860361099243164
424.0 88.0 2.942834653445239 2.8325716957460196 4.084573268890381
440.0 88.0 2.9862883555850988 10.811230003142127 11.216087341308594
456.0 88.0 -3.4256430423629087 17.516282369859294 17.848114013671875
472.0 88.0 -16.21784876560659 23.21130950433251 28.31578254699707
488.0 88.0 -108.34355463565296 152.87663693795562 187.3755340576172
24.0 104.0 128.20207622645933 -179.30543822228327 220.4228057861328
40.0 104.0 21.8162788516004 -41.59798721078641 46.97172164916992
56.0 104.0 26.765810980156388 -40.067932650124334 48.1855583190918
72.0 104.0 29.777220319813427 -17.77932637393448 34.68122482299805
88.0 104.0 30.123137108226864 -32.29908685413287 44.165985107421875
104.0 104.0 37.14529387244599 -22.391272436217022 43.37213134765625
120.0 104.0 46.92144848195825 -20.713533931365586 51.29008483886719
136.0 104.0 39.88867219150743 -24.89473769690163 47.01972198486328
152.0 104.0 36.67651247564406 -44.41833235239618 57.60342788696289
168.0 104.0 28.620641379246727 -20.044988436975654 34.94198989868164
184.0 104.0 56.22219105599019 -10.81373065613562 57.25270080566406
200.0 104.0 41.22980793939678 6.952084096288839 41.811824798583984
216.0 104.0 12.3415045721309 -6.179249705197693 13.802023887634277
232.0 104.0 48.768867406533886 4.431459157879982 48.96978759765625
248.0 104.0 22.083644713973555 10.84381422365277 24.60235023498535
264.0 104.0 25.026206108797034 4.393477447675593 25.40892791748047
280.0 104.0 20.54378528177663 17.011798592682553 26.672990798950195
296.0 104.0 15.444176095129137 5.770055896760793 16.486846923828125
312.0 104.0 8.361241300394537 13.77287770821484 16.112184524536133
328.0 104.0 2.4346539516159433 11.177538982987095 11.439620971679688
344.0 104.0 13.01105838996561 8.884289430202557 15.754942893981934
360.0 104.0 19.888687269537982 8.374908975084734 21.580059051513672
376.0 104.0 7.21752324939254 9.340176404664671 11.803877830505371
392.0 104.0 7.62109836679352 11.378641561202278 13.695058822631836
408.0 104.0 2.6488728030395197 2.9020054896503447 3.929142713546753
424.0 104.0 -1.731946443008337 20.36163211618247 20.435157775878906
440.0 104.0 -0.5492959234035804 16.91954942849822 16.928462982177734
456.0 104.0 -10.458617854089269 26.731031220946733 28.704193115234375
472.0 104.0 -16.270403335044122 30.872799035579707 34.897789001464844
488.0 104.0 -111.8176875391912 170.28921649143473 203.71945190429688
24.0 120.0 116.49455442942032 -194.4020815468144 226.6343994140625
40.0 120.0 23.023702428035623 -47.13923435605216 52.46139907836914
56.0 120.0 27.552304260263924 -45.73822690451305 53.39583206176758
72.0 120.0 34.61988848723471 -40.58596177052573 53.345638275146484
88.0 120.0 50.14127705743026 -36.80584489661822 62.19982147216797
104.0 120.0 21.391312848121032 -24.202269405329275 32.300743103027344
120.0 120.0 37.77213007781523 -25.514990589336414 45.58232879638672
136.0 120.0 47.47709792378923 -31.54424770661752 57.00100326538086
152.0 120.0 57.46115383731146 12.786336384601736 58.86658477783203
168.0 120.0 52.43219543198446 12.111291182253652 53.812808990478516
184.0 120.0 46.94932885045235 3.2808617938556988 47.06382369995117
200.0 120.0 47.70924556301449 -1.181725334368419 47.723876953125
216.0 120.0 28.513052158298493 6.578731476874614 29.262157440185547
232.0 120.0 40.295405057324245 27.884243244996743 49.002559661865234
248.0 120.0 30.886605221320004 16.950515878618095 35.232120513916016
264.0 120.0 32.33749937410769 12.802933081663246 34.779720306396484
280.0 120.0 29.044024958849036 -3.2221309327220493 29.222209930419922
296.0 120.0 11.481588309285682 9.994598539420956 15.222314834594727
312.0 120.0 8.947495281144109 1.239688111109549 9.032967567443848
328.0 120.0 4.363911549150337 2.565929469482527 5.062382698059082
344.0 120.0 16.471064027705083 6.05633613954871 17.54922103881836
360.0 120.0 17.057196318142203 8.196703522623714 18.92442512512207
376.0 120.0 5.9398332142602595 6.337846191095982 8.686190605163574
392.0 120.0 6.026510995575042 8.633708818229636 10.528996467590332
408.0 120.0 6.878872754197814 -5.5195991115972225 8.819572448730469
424.0 120.0 2.5174302412695044 26.60151761334055 26.72037124633789
440.0 120.0 -2.5957873148255097 17.331554768640697 17.524866104125977
456.0 120.0 -12.348936094300889 32.99467624132961 35.22988510131836
472.0 120.0 -18.26481283428054 32.855346613137435 37.590919494628906
488.0 120.0 -107.90670869321684 180.55100967191242 210.3390655517578
24.0 136.0 112.27618309277791 -201.7312510742998 230.8710479736328
40.0 136.0 25.50614886940378 -48.93074396201113 55.17953872680664
56.0 136.0 30.853265302331238 -61.099355008632585 68.44746398925781
72.0 136.0 25.052171216665204 -31.62188873448851 40.34296798706055
88.0 136.0 44.69047700032591 -57.67336684815536 72.96202087402344
104.0 136.0 47.34607623078329 -44.36632872892657 64.88468170166016
120.0 136.0 48.717612146820805 -44.77543143852077 66.16830444335938
136.0 136.0 58.98762968445961 -42.69008959981152 72.81472778320312
152.0 136.0 79.18350386612308 -22.877033646680918 82.4219970703125
168.0 136.0 52.90608400906461 -32.39797508757969 62.037750244140625
184.0 136.0 67.30772101144478 -5.325684508896377 67.5180892944336
200.0 136.0 54.59083513704344 6.5246581590015085 54.97936248779297
216.0 136.0 60.07935872663945 8.48891718912392 60.676116943359375
232.0 136.0 35.60771340597553 24.364395255779222 43.145484924316406
248.0 136.0 36.09974753081069 9.647603093821642 37.366668701171875
264.0 136.0 7.003804357891833 -0.8423869174784101 7.054281711578369
280.0 136.0 31.227035031972196 -6.743077960243795 31.946781158447266
296.0 136.0 16.149231861606516 10.539683207020754 19.284257888793945
312.0 136.0 2.8082980804377997 -0.4246529851888122 2.8402233123779297
328.0 136.0 7.138064454174995 5.481643247834367 9.000020980834961
344.0 136.0 23.859665902698005 5.189820114745275 24.417573928833008
360.0 136.0 9.433503431306145 9.903428187867304 13.677312850952148
376.0 136.0 1.8261134621456885 9.267453864455884 9.44565486907959
392.0 136.0 2.291227067121787 10.607775754752769 10.852401733398438
408.0 136.0 4.385192220845812 15.717353511901907 16.3176326751709
424.0 136.0 0.9010589453369675 15.899693763751479 15.92520523071289
440.0 136.0 -1.2543161336504105 14.199572846383397 14.254864692687988
456.0 136.0 -12.131497652008049 29.41323124963869 31.81684112548828
472.0 136.0 -22.70283472328729 32.5549977757884 39.68937683105469
488.0 136.0 -107.64504791184835 194.51547249989338 222.31446838378906
24.0 152.0 102.54728066838773 -214.18551047945516 237.46868896484375
40.0 152.0 13.997035019415595 -54.074846427541736 55.85701370239258
56.0 152.0 34.29147679754046 -54.90896708916747 64.7371597290039
72.0 152.0 19.220875064799728 -43.01322741436206 47.1124153137207
88.0 152.0 48.48295103790141 -54.4027494196046 72.87149810791016
104.0 152.0 46.17316949106576 -38.03612145534197 59.822303771972656
120.0 152.0 29.606723293387674 -42.89783279191484 52.12276077270508
136.0 152.0 84.3295045215063 -49.94900176888852 98.0120849609375
152.0 152.0 69.22961434096989 -42.866686000445924 81.42660522460938
168.0 152.0 109.46769055888507 -17.638864595205472 110.87968444824219
184.0 152.0 113.81943961079423 9.40736155270819 114.2075424194336
200.0 152.0 71.28894874924909 9.29327730801718 71.89213562011719
216.0 152.0 48.24548342517472 37.10716882453162 60.865169525146484
232.0 152.0 55.856465505800415 17.42383196546849 58.51097869873047
248.0 152.0 13.565263071785834 -14.386270090347587 19.773242950439453
264.0 152.0 34.343941684408264 31.472507321678393 46.583526611328125
280.0 152.0 37.579423362581615 32.160208964107326 49.46202850341797
296.0 152.0 11.11164133167915 21.865298058871232 24.526716232299805
312.0 152.0 12.281528460544358 21.767927853845784 24.993572235107422
328.0 152.0 15.138421960980436 21.940431834252525 26.656225204467773
344.0 152.0 12.263770840426439 7.614314415512257 14.435298919677734
360.0 152.0 30.808064831612676 -2.850912928122861 30.9396915435791
376.0 152.0 10.005509593447425 1.269870614583968 10.085771560668945
392.0 152.0 6.076526006961179 14.597583612223636 15.811819076538086
408.0 152.0 2.246125654470174 7.190585517565706 7.533233165740967
424.0 152.0 -1.1314311357956002 14.508039779148827 14.552090644836426
440.0 152.0 -4.206393361264919 13.49408755602145 14.134501457214355
456.0 152.0 -8.787084612834061 31.097358245889467 32.31499099731445
472.0 152.0 -17.163665476678094 34.79564016838749 38.79855728149414
488.0 152.0 -100.78189436162037 209.33760453779584 232.33428955078125
24.0 168.0 88.99119015603844 -219.4491656178697 236.80661010742188
40.0 168.0 22.51704117260656 -48.09538307145748 53.10539627075195
56.0 168.0 17.315342224947017 -61.657802454849374 64.04299926757812
72.0 168.0 14.962888954488822 -52.40973645629801 54.503841400146484
88.0 168.0 36.3878102486745 -42.4313911170037 55.89719009399414
104.0 168.0 73.93334540702818 -52.29040486207249 90.55620574951172
120.0 168.0 10.649857229131335 -53.09471559056463 54.15227127075195
136.0 168.0 108.40999481599326 -86.3324359790429 138.5857696533203
152.0 168.0 110.66819917950824 -57.314321066921806 124.62897491455078
168.0 168.0 103.37987398344733 -102.91819994808986 145.87513732910156
184.0 168.0 143.60668879770483 -37.54910061460521 148.43455505371094
200.0 168.0 183.71567811146215 11.978650136293492 184.10577392578125
216.0 168.0 93.5494230403807 7.228509930904101 93.82827758789062
232.0 168.0 58.371899307507114 20.44601934840194 61.849159240722656
248.0 168.0 67.03089471115152 51.84191631687232 84.7391586303711
264.0 168.0 32.49473986683919 41.04436566741377 52.350242614746094
280.0 168.0 37.68533330605445 21.00831151449255 43.14549255371094
296.0 168.0 9.71705014293024 20.71324495784212 22.87923812866211
312.0 168.0 13.282525707706982 20.15913287152266 24.141584396362305
328.0 168.0 10.81326519521192 18.160635970279163 21.13611602783203
344.0 168.0 4.810750096191055 19.248724866087596 19.840784072875977
360.0 168.0 5.689101092412373 18.092696286553306 18.966062545776367
376.0 168.0 3.142631181099703 12.847701205511846 13.226471900939941
392.0 168.0 -0.9392313689061799 9.7232897348236 9.768547058105469
408.0 168.0 7.812548091917294 7.439967579725282 10.788374900817871
424.0 168.0 -4.080331817540686 15.274590691977277 15.81019401550293
440.0 168.0 -2.1744892418115453 20.422322130032324 20.537761688232422
456.0 168.0 -10.281685260154774 37.41681050305996 38.80374526977539
472.0 168.0 -14.795452538937639 37.80097262537992 40.59333801269531
488.0 168.0 -91.7065635379895 223.77645067178815 241.83877563476562
24.0 184.0 73.171407221549 -228.82251779974413 240.23696899414062
40.0 184.0 19.145777652040636 -62.65730192605524 65.51715850830078
56.0 184.0 13.946570547822091 -65.87788161463003 67.33796691894531
72.0 184.0 13.858035781015792 -37.238663300971744 39.7336540222168
88.0 184.0 20.379828379351242 -64.44075120209779 67.58659362792969
104.0 184.0 40.43432856462629 -78.57641995043971 88.36961364746094
120.0 184.0 54.237921216608264 -94.47937449512672 108.94082641601562
136.0 184.0 94.9087169987498 -87.96863166422834 129.40689086914062
152.0 184.0 186.96291706066302 -120.54494965321952 222.45497131347656
168.0 184.0 232.19409707945732 -25.264794579791776 233.5645751953125
184.0 184.0 216.785926029004 -91.27741155722485 235.21841430664062
200.0 184.0 284.73511062242505 -183.44556853594554 338.7127990722656
216.0 184.0 144.3983831237652 144.95829556376458 204.6064453125
232.0 184.0 62.18275782919204 163.96761201687593 175.36268615722656
248.0 184.0 69.79910206221481 65.27546416100425 95.56568908691406
264.0 184.0 0.5211377427341252 56.452426296213325 56.454830169677734
280.0 184.0 57.62870309817236 13.985510832583389 59.301448822021484
296.0 184.0 18.337612911487533 23.317941357718368 29.66469955444336
312.0 184.0 11.210077740550837 8.771099065736033 14.23369312286377
328.0 184.0 17.306829197888884 18.5210816888947 25.348703384399414
344.0 184.0 8.095513823764588 10.595581638768214 13.334304809570312
360.0 184.0 10.169673018275535 12.168901410734767 15.858890533447266
376.0 184.0 8.5829404633081 2.796881280710723 9.027148246765137
392.0 184.0 -2.039900288138316 15.992988849701215 16.12255859375
408.0 184.0 10.970028468292092 13.43222856197674 17.342615127563477
424.0 184.0 -3.6580055735860353 15.739910430817737 16.159387588500977
440.0 184.0 -2.725564661975157 18.48228668437957 18.682174682617188
456.0 184.0 -8.182174394375139 38.278145128334884 39.14287185668945
472.0 184.0 -8.533902341097088 39.60784671779042 40.51677322387695
488.0 184.0 -79.91804210173169 234.38606445366358 247.63626098632812
24.0 200.0 43.35494974991955 -226.9627167151813 231.06649780273438
40.0 200.0 10.46629318094897 -51.260991206705256 52.31856918334961
56.0 200.0 21.158313219653753 -70.37318996773053 73.48509979248047
72.0 200.0 18.988927128309342 -51.8699850451543 55.236534118652344
88.0 200.0 5.8087836603959655 -69.40045678565347 69.64312744140625
104.0 200.0 29.37808992134895 -84.3895603987324 89.35697937011719
120.0 200.0 50.43726095574125 -127.54355065845948 137.15420532226562
136.0 200.0 83.02968374231601 -182.13382905722622 200.1665802001953
152.0 200.0 204.30278572255298 -133.3140513042677 243.95135498046875
168.0 200.0 105.83718608046206 -414.4326133542962 427.73345947265625
184.0 200.0 82.36754746502115 -17.005369033412062 84.10466766357422
200.0 200.0 812.8416758709948 182.3012749248737 833.0338134765625
216.0 200.0 258.56122012873544 250.16097388373177 359.76995849609375
232.0 200.0 71.2004072698714 53.52262749745123 89.07395935058594
248.0 200.0 75.03193639285985 37.42626157819264 83.84817504882812
264.0 200.0 51.3839198178381 29.355932729430847 59.1783561706543
280.0 200.0 27.850654670341374 53.54629943647457 60.35615158081055
296.0 200.0 13.66143264576076 26.140272643463405 29.494890213012695
312.0 200.0 13.094606372119172 21.68935192887803 25.33568000793457
328.0 200.0 14.721097569122973 23.870333334045963 28.04467010498047
344.0 200.0 7.132014415652414 24.387349178323365 25.408824920654297
360.0 200.0 5.409571839062255 30.781758203020022 31.253480911254883
376.0 200.0 -6.850259441673696 25.17520540210923 26.09055519104004
392.0 200.0 -4.965966516608243 20.80523794731426 21.38968849182129
408.0 200.0 15.178039103775829 18.370537636172017 23.829593658447266
424.0 200.0 10.875737425894453 22.832058974769286 25.290010452270508
440.0 200.0 -6.527049030240717 23.663830023345305 24.547489166259766
456.0 200.0 -4.761373048873656 45.92875218568355 46.174896240234375
472.0 200.0 -10.896051555087942 42.251044376719044 43.6334114074707
488.0 200.0 -61.083446009609645 230.83877532030215 238.78384399414062
24.0 216.0 37.40146630884837 -233.41912405277876 236.3966064453125
40.0 216.0 -2.546729374976531 -44.13084938743356 44.20427322387695
56.0 216.0 -5.786730751409349 -46.95504371635774 47.31027603149414
72.0 216.0 18.740874865105965 -68.13227043872479 70.66276550292969
88.0 216.0 13.113757301264087 -72.87987549922333 74.05030059814453
104.0 216.0 25.433884248922386 -75.242453627908 79.42486572265625
120.0 216.0 11.928504269826389 -132.14092217041207 132.67822265625
136.0 216.0 107.43034228695514 -162.46884770240686 194.7752685546875
152.0 216.0 295.504829360597 -241.9325198245744 381.9089660644531
168.0 216.0 45.58453941553391 -224.0185151957307 228.609375
184.0 216.0 571.8860802192606 267.67937330913486 631.431640625
200.0 216.0 463.98086846359587 260.18986746958944 531.955810546875
216.0 216.0 226.42801879007624 -84.54616845397118 241.69754028320312
232.0 216.0 72.17691503386216 487.92184696774507 493.2314147949219
248.0 216.0 29.77935552056947 208.34825453890875 210.46568298339844
264.0 216.0 47.262452153813655 100.16588464648409 110.75623321533203
280.0 216.0 57.14481941718647 25.17631683384449 62.44499588012695
296.0 216.0 28.048234816163262 48.18678507728341 55.75544738769531
312.0 216.0 6.9742335459026386 32.699495854869255 33.434967041015625
328.0 216.0 11.888894299238189 24.879591468331167 27.574260711669922
344.0 216.0 9.810255424793466 9.283688780088728 13.506590843200684
360.0 216.0 -0.8677695025918335 24.366299387245537 24.381746292114258
376.0 216.0 4.108505983441985 16.61096589372154 17.11151695251465
392.0 216.0 3.1555678869715904 22.262589888078157 22.485116958618164
408.0 216.0 5.397318103261156 17.744202169442477 18.546907424926758
424.0 216.0 3.0535652493454633 23.735001524963685 23.930620193481445
440.0 216.0 -0.584199273347227 16.41869955521896 16.42909049987793
456.0 216.0 -9.631348405965515 40.58368873433132 41.71089553833008
472.0 216.0 -6.133209237288389 38.26894377973694 38.757301330566406
488.0 216.0 -41.06829339788856 242.21859144183054 245.6754913330078
24.0 232.0 15.1830841981597 -230.36886625647264 230.86866760253906
40.0 232.0 4.495205230724593 -57.2640716476477 57.44023513793945
56.0 232.0 -11.449466100238196 -53.04399383178761 54.265602111816406
72.0 232.0 0.14729850186437451 -34.44072047257991 34.441036224365234
88.0 232.0 -12.42703441194449 -54.59433427030643 55.99082565307617
104.0 232.0 -16.099768575358908 -60.562866198694316 62.66628646850586
120.0 232.0 -23.151614099665917 -112.27237584119361 114.63456726074219
136.0 232.0 67.43333096212358 -146.3690997514858 161.15573120117188
152.0 232.0 67.81220196281181 -442.07230890115204 447.2431335449219
168.0 232.0 -7.0116100372931704 -486.09071303109545 486.1412658691406
184.0 232.0 200.5956682155544 -803.9900923608702 828.6366577148438
200.0 232.0 544.2991343713342 412.5605888639742 682.9844970703125
216.0 232.0 578.132809894759 482.0229753463884 752.717529296875
232.0 232.0 52.497167753946684 155.92082107661543 164.5212860107422
248.0 232.0 -5.2030116050102375 322.99713237637627 323.0390319824219
264.0 232.0 -12.308753403627339 116.24963585112197 116.89945983886719
280.0 232.0 -4.427504298379556 146.66113449843633 146.7279510498047
296.0 232.0 37.0153089531676 55.023543862382006 66.3153305053711
312.0 232.0 -13.554478243769742 48.26016071344685 50.127506256103516
328.0 232.0 17.798986714880478 26.261318025731505 31.72476577758789
344.0 232.0 3.2330117495528476 21.42376638668601 21.666336059570312
360.0 232.0 3.063925485302995 24.174878182737245 24.36826515197754
376.0 232.0 5.536499828537634 13.039255365238857 14.165980339050293
392.0 232.0 2.805498148943975 20.779592819992633 20.96812629699707
408.0 232.0 -2.015898811499377 16.22629574533551 16.35103988647461
424.0 232.0 0.22980503388181978 21.942588761609727 21.94379234313965
440.0 232.0 -1.4450830590352832 20.490802458144284 20.54169464111328
456.0 232.0 -4.530350044842102 42.39348705232421 42.634864807128906
472.0 232.0 -7.676693437555451 46.812774037882505 47.43803787231445
488.0 232.0 -23.547964829520446 241.20796893530775 242.35467529296875
24.0 248.0 -0.818253056770368 -224.90584228478906 224.90733337402344
40.0 248.0 6.851092213728332 -47.02250639595 47.51898193359375
56.0 248.0 3.749748111637469 -54.81001673451287 54.938133239746094
72.0 248.0 8.352869596267574 -50.43903440341202 51.1259880065918
88.0 248.0 -12.777135634993883 -70.34247895454929 71.49349212646484
104.0 248.0 -13.822660951336676 -64.74904621821962 66.20804595947266
120.0 248.0 -36.307867054081754 -74.09699285673292 82.51439666748047
136.0 248.0 4.431852786763886 -242.76687654553115 242.8073272705078
152.0 248.0 69.5487976576041 -513.6183278232397 518.3057250976562
168.0 248.0 68.15878192497254 -222.16912451451287 232.38919067382812
184.0 248.0 -613.8578420173852 -496.3507729381228 789.4210205078125
200.0 248.0 -445.4509647069716 559.5032452300363 715.171630859375
216.0 248.0 -768.5647709300637 382.1047898146778 858.3098754882812
232.0 248.0 -167.12194424218038 235.29510787856364 288.606201171875
248.0 248.0 -194.41455247069783 366.3633727022797 414.75189208984375
264.0 248.0 60.14812910318622 105.89282927157873 121.782958984375
280.0 248.0 -31.515409703833434 100.27593865635242 105.11177062988281
296.0 248.0 16.656485176380485 32.760076028008044 36.7513427734375
312.0 248.0 -2.6934568186889845 34.22911216009879 34.334922790527344
328.0 248.0 20.187630589703744 40.41664594091149 45.17793273925781
344.0 248.0 4.287060849303693 30.064732795054383 30.368850708007812
360.0 248.0 13.135886814671446 28.154060637330172 31.067710876464844
376.0 248.0 -0.35187338993077144 26.92350445815117 26.925804138183594
392.0 248.0 9.570169602106004 28.06069072109055 29.64777374267578
408.0 248.0 4.230236436836139 29.24298514700734 29.54737091064453
424.0 248.0 5.088843012509223 22.98951311105289 23.545997619628906
440.0 248.0 -3.055937249529484 22.287014974597213 22.49555015563965
456.0 248.0 4.7364223425044205 46.76709578407457 47.00632858276367
472.0 248.0 -7.213161305593365 40.75912198764037 41.392459869384766
488.0 248.0 -6.748775500035424 240.3902511281658 240.48497009277344
24.0 264.0 -2.4034353837519955 -224.47010500569874 224.48297119140625
40.0 264.0 -5.947131108326985 -40.09750507249839 40.536136627197266
56.0 264.0 -10.509268157002332 -50.32132089304019 51.407005310058594
72.0 264.0 -26.548195524320384 -30.586881073339455 40.501407623291016
88.0 264.0 -12.9254867853844 -49.41713381198233 51.079559326171875
104.0 264.0 -16.29155990412732 -62.03892976268394 64.14237213134766
120.0 264.0 -18.13811021860704 -43.15595308281431 46.81268310546875
136.0 264.0 -151.4956989254659 -40.052445373144266 156.70082092285156
152.0 264.0 -17.217523395042416 -181.98768683201456 182.8003387451172
168.0 264.0 -346.8419713691864 -376.21981522871465 511.7037353515625
184.0 264.0 111.58401707027204 -729.2723475960206 737.759521484375
200.0 264.0 -643.0554907405252 384.93912016647164 749.4654541015625
216.0 264.0 -144.56717623783922 201.70479458242698 248.1622314453125
232.0 264.0 -291.9833529349604 470.82889243113857 554.016357421875
248.0 264.0 -179.66940951746582 257.4795892739248 313.969482421875
264.0 264.0 -54.02789712291312 195.15959129242844 202.5000762939453
280.0 264.0 -34.548889958756085 93.42301001673734 99.60665130615234
296.0 264.0 0.7689320793935395 83.81893307643683 83.82245635986328
312.0 264.0 0.6587405318198117 75.05395469176736 75.05684661865234
328.0 264.0 -8.416529095382945 33.048307496916735 34.103206634521484
344.0 264.0 4.7640704195870835 27.960499986950555 28.363460540771484
360.0 264.0 -3.4305916635762816 25.036195068379506 25.2701416015625
376.0 264.0 6.227409278042222 22.57429378295658 23.41750144958496
392.0 264.0 -2.9999666774692058 19.36430086219155 19.595304489135742
408.0 264.0 12.022805674798418 23.5352199151179 26.42828941345215
424.0 264.0 -12.706963698676073 31.63364340235282 34.09038543701172
440.0 264.0 1.1782256515652065 25.301537965602634 25.328956604003906
456.0 264.0 -4.842578715309804 48.987798119932926 49.226566314697266
472.0 264.0 2.483568694360666 40.519855792863574 40.59589767456055
488.0 264.0 3.1433924404590736 235.66493252058177 235.68589782714844
24.0 280.0 -13.507783353730284 -210.3969950770716 210.8301544189453
40.0 280.0 -5.251766199303475 -50.799628418616514 51.070377349853516
56.0 280.0 -7.566732273094767 -50.07859386399161 50.64702224731445
72.0 280.0 -11.09400998107294 -36.226890845035555 37.88752746582031
88.0 280.0 -10.545137085070936 -32.84823594384781 34.49937057495117
104.0 280.0 -21.855579735122532 -35.891090919078884 42.0218620300293
120.0 280.0 -0.5406759202695374 -100.37745668032954 100.37891387939453
136.0 280.0 -81.30976048865712 -53.247145759893804 97.19329071044922
152.0 280.0 -34.697132503130376 -86.29237336789677 93.00679779052734
168.0 280.0 -388.89205395108667 -126.72257609567566 409.01788330078125
184.0 280.0 80.33234820069211 -86.41193835715251 117.98435974121094
200.0 280.0 -47.02178642386731 81.51062610275488 94.1011734008789
216.0 280.0 -631.1753243710295 -74.15595885970986 635.5166625976562
232.0 280.0 -213.2815990302796 61.27604424822184 221.909423828125
248.0 280.0 -204.99155949172152 146.0264973909585 251.68487548828125
264.0 280.0 -86.54133507824707 92.48432783775237 126.65998840332031
280.0 280.0 -40.5712043559817 90.65530884419573 99.3197250366211
296.0 280.0 -22.624997258936915 44.12811178386122 49.590126037597656
312.0 280.0 -13.537782870288504 40.60022553218616 42.79777908325195
328.0 280.0 -11.847724710291988 36.65584572562376 38.52297592163086
344.0 280.0 1.2382305528321804 27.034399776669613 27.062742233276367
360.0 280.0 -3.726238736770453 27.879204841213905 28.127120971679688
376.0 280.0 -4.561998715957231 25.647085214267985 26.049659729003906
392.0 280.0 -2.6690951990790097 20.846955922898022 21.017127990722656
408.0 280.0 -4.487144737912867 12.833255171592974 13.59510612487793
424.0 280.0 4.065318214486658 20.252145166321483 20.65614128112793
440.0 280.0 4.895474277586343 21.116847144592906 21.6768741607666
456.0 280.0 5.147465508951133 43.853062085746046 44.15413284301758
472.0 280.0 -1.9162736636159503 43.35550575348573 43.39783477783203
488.0 280.0 18.65244869840016 223.75604529388409 224.53213500976562
24.0 296.0 -29.633868841287786 -211.5078615039333 213.57374572753906
40.0 296.0 -7.913614890949998 -48.00048885085595 48.64845657348633
56.0 296.0 -11.544967630682928 -41.143399328746455 42.73249053955078
72.0 296.0 -22.20825270040562 -34.01059985667468 40.61929702758789
88.0 296.0 -1.7012130838110275 -34.916103020697214 34.957523345947266
104.0 296.0 -25.83413466699653 -31.2666812727245 40.55869674682617
120.0 296.0 -44.82383766161123 -20.908749299992227 49.46061325073242
136.0 296.0 -48.882461947925755 -55.04220663522276 73.61480712890625
152.0 296.0 -38.78885976877452 -67.9137996725389 78.21035766601562
168.0 296.0 -114.79926174459636 -48.812308400182744 124.74578857421875
184.0 296.0 -125.07043248543347 -43.806084320025285 132.5201416015625
200.0 296.0 -229.11843306531114 -81.51742517504316 243.18788146972656
216.0 296.0 -242.01407426063807 14.515205884409495 242.448974609375
232.0 296.0 -157.50241561067276 109.18904263086988 191.64878845214844
248.0 296.0 -122.73349053411226 98.65044562018065 157.4656219482422
264.0 296.0 -83.19656128409139 110.36312629911318 138.20884704589844
280.0 296.0 -48.01019587346559 63.82028302032682 79.8624267578125
296.0 296.0 -31.937766380828943 66.4538186223848 73.7301254272461
312.0 296.0 -0.92245496203462 51.61954316482063 51.627784729003906
328.0 296.0 -18.434095598477676 36.809201080413594 41.167137145996094
344.0 296.0 -17.09582091626217 24.69105965191834 30.03190803527832
360.0 296.0 -6.302470709391097 17.18980099337456 18.308752059936523
376.0 296.0 0.5751482900465191 25.313774073099808 25.3203067779541
392.0 296.0 -13.099261714878892 29.789509652766114 32.54236602783203
408.0 296.0 9.609552552258924 10.565649760313024 14.28203296661377
424.0 296.0 5.54647442303008 18.36428257652238 19.18359375
440.0 296.0 9.39386368682163 13.403952106060014 16.36797523498535
456.0 296.0 6.186970530074272 37.24929571690917 37.75961685180664
472.0 296.0 -3.078495739562303 46.53009086909326 46.63181686401367
488.0 296.0 32.58033253427922 221.57908185341688 223.96153259277344
24.0 312.0 -38.26603072791262 -193.1546590062523 196.90863037109375
40.0 312.0 0.23856448676037967 -39.114291217733324 39.11501693725586
56.0 312.0 -3.856695484741556 -43.97968978538213 44.148468017578125
72.0 312.0 -12.479793082704683 -26.28610275694861 29.098186492919922
88.0 312.0 -4.968519385286457 -26.49285504351306 26.954730987548828
104.0 312.0 -19.50533263099396 -20.20459832057036 28.083515167236328
120.0 312.0 -23.97570664513321 -26.003673217370093 35.36983871459961
136.0 312.0 -45.712618322310824 1.2864636135782954 45.730716705322266
152.0 312.0 -31.675835857496836 -24.711926641028853 40.17509078979492
168.0 312.0 -74.84678371099028 1.210223771145517 74.8565673828125
184.0 312.0 -83.29937717882304 -61.293360266993155 103.41983795166016
200.0 312.0 -88.97038985147307 -45.696584272858416 100.01953887939453
216.0 312.0 -156.26447154591906 7.618135946241288 156.45005798339844
232.0 312.0 -155.56823412469086 38.936821106328594 160.36692810058594
248.0 312.0 -107.51008561746747 48.26374696735773 117.84654235839844
264.0 312.0 -67.6849027733595 39.72586161285756 78.48178100585938
280.0 312.0 -26.103579292153285 45.82733610775983 52.74032211303711
296.0 312.0 -57.398010374181894 42.85209706211569 71.62983703613281
312.0 312.0 -9.389580588682175 29.452391662687635 30.91290283203125
328.0 312.0 -19.551036375036077 31.19722274614473 36.8172492980957
344.0 312.0 -6.772179778763331 30.655725704328944 31.394840240478516
360.0 312.0 -5.612675168552831 36.208730874415416 36.64115524291992
376.0 312.0 -0.9367158739638162 23.343047973321887 23.361835479736328
392.0 312.0 -16.276935852719404 25.546462525651084 30.291259765625
408.0 312.0 0.11416900720845338 31.443692839132332 31.443899154663086
424.0 312.0 -2.2320842087481227 12.963241312255123 13.154004096984863
440.0 312.0 1.618050403051271 19.630013721160417 19.69658660888672
456.0 312.0 7.814297996974888 30.947274657051924 31.91860008239746
472.0 312.0 8.30741525565115 38.48064016482718 39.36715316772461
488.0 312.0 33.77742947164019 209.03443249064966 211.74586486816406
24.0 328.0 -41.69139764051317 -184.4077217529512 189.0618438720703
40.0 328.0 -12.619121599996841 -34.58211570014434 36.812564849853516
56.0 328.0 -23.388768262430595 -36.50367452723799 43.35380935668945
72.0 328.0 -7.297173504261585 -25.589078330323737 26.609203338623047
88.0 328.0 -2.3096797556692117 -30.918164302364683 31.004314422607422
104.0 328.0 -12.866005194973086 -38.24093623036464 40.34728240966797
120.0 328.0 -23.627908546105694 -34.88203250960606 42.13115692138672
136.0 328.0 -22.68013227357442 -41.001057402961685 46.85589599609375
152.0 328.0 -21.8524470143607 -21.075120226224772 30.359350204467773
168.0 328.0 -59.68561658534581 -39.093736061782266 71.34909057617188
184.0 328.0 -57.26265485675464 -1.8870243746365911 57.293739318847656
200.0 328.0 -77.74537833111542 -19.814323805713805 80.2306137084961
216.0 328.0 -73.10765133780384 -17.70358090638762 75.22064208984375
232.0 328.0 -64.92383396778152 15.374167321670681 66.71932983398438
248.0 328.0 -80.406473220885 27.521144732256563 84.9859619140625
264.0 328.0 -63.117829146424455 31.667039231421768 70.61630249023438
280.0 328.0 -32.959717958034325 40.282079296152766 52.04794692993164
296.0 328.0 -45.99914027193813 41.394521738239526 61.88236618041992
312.0 328.0 -27.311624196031232 45.687732036779195 53.22869110107422
328.0 328.0 -9.233971973381326 28.40599314863547 29.869159698486328
344.0 328.0 -15.46277329772138 20.172773489384145 25.417280197143555
360.0 328.0 -17.084891699288757 16.325567954896236 23.630863189697266
376.0 328.0 -19.64979930252441 15.079094618212112 24.7688045501709
392.0 328.0 5.400921311666921 16.403764085328273 17.270015716552734
408.0 328.0 -1.6967459936118459 22.17581933332848 22.240636825561523
424.0 328.0 -3.5449789087379067 28.94499743043613 29.161272048950195
440.0 328.0 -2.7982990616417496 19.225021753022368 19.427608489990234
456.0 328.0 0.714186734609189 53.45845728989139 53.463226318359375
472.0 328.0 7.734889293963573 30.42454658105747 31.392379760742188
488.0 328.0 43.00388518059538 200.2730346465849 204.83804321289062
24.0 344.0 -39.82313288004092 -184.81645982195488 189.05821228027344
40.0 344.0 -5.449028222086705 -38.714439108583115 39.096031188964844
56.0 344.0 -14.918830307719148 -36.40676016512084 39.344932556152344
72.0 344.0 -3.8511574324224305 -13.876836890442817 14.40131950378418
88.0 344.0 -20.772662738501413 -22.82295141838579 30.86082649230957
104.0 344.0 -16.181966418243675 -19.230893207136774 25.133310317993164
120.0 344.0 -22.489418608291846 -12.97975127835042 25.966283798217773
136.0 344.0 -21.173783603955673 -8.84086401837964 22.945369720458984
152.0 344.0 -7.203934176300277 -12.649797571395325 14.557268142700195
168.0 344.0 -70.64546478155708 -38.525389323370334 80.4673080444336
184.0 344.0 -20.077496884740928 -34.967331700860726 40.32146072387695
200.0 344.0 -63.57888617224183 -2.964878044409852 63.647979736328125
216.0 344.0 -62.653244895991094 22.85840610699864 66.6928482055664
232.0 344.0 -68.52626454935773 9.010239802460546 69.1160888671875
248.0 344.0 -70.71313776523384 21.663706436956907 73.9571762084961
264.0 344.0 -35.58877563467399 25.4361282263883 43.74422836303711
280.0 344.0 -52.64477639200697 24.801007715683816 58.19417953491211
296.0 344.0 -23.62961730267104 36.358804172044806 43.362674713134766
312.0 344.0 -26.753735363470977 23.432482567840324 35.564640045166016
328.0 344.0 -16.57656910040655 26.914441370395576 31.609647750854492
344.0 344.0 -11.935586984173776 18.017026016535365 21.611835479736328
360.0 344.0 1.6918065411628902 27.162452465308498 27.215087890625
376.0 344.0 -13.328581828102458 25.478803983811147 28.754487991333008
392.0 344.0 5.667846938431975 31.141315480899635 31.65289878845215
408.0 344.0 -11.708698664341084 17.666341836696617 21.19417953491211
424.0 344.0 -1.6821559580548737 19.46269331629409 19.53525161743164
440.0 344.0 -0.2400913570496544 17.196283196238653 17.197959899902344
456.0 344.0 -0.07358013788623291 26.40875984969141 26.408863067626953
472.0 344.0 8.825495722705458 43.084090265707786 43.97872543334961
488.0 344.0 49.976909299856196 191.26765257310817 197.6891632080078
24.0 360.0 -44.75395214064801 -175.4718688592701 181.0891876220703
40.0 360.0 -11.206054006819045 -35.79601799858305 37.509071350097656
56.0 360.0 -12.495637382118563 -31.052085363106023 33.47197341918945
72.0 360.0 -4.888148067909748 -20.57009517787683 21.142913818359375
88.0 360.0 -11.169628620473626 -20.38359363114907 23.243310928344727
104.0 360.0 -7.415542107567459 -1.8222021508858157 7.636143207550049
120.0 360.0 -17.174173799221535 -25.58546867486791 30.8150691986084
136.0 360.0 -21.91153566189617 -12.907588254763118 25.430713653564453
152.0 360.0 -19.827877446137656 -22.72190984238273 30.156755447387695
168.0 360.0 -39.537912756208605 -16.505598038826882 42.844852447509766
184.0 360.0 -23.03129327145369 19.701865418846623 30.30847930908203
200.0 360.0 -42.03279396284882 -31.324402251088788 52.421119689941406
216.0 360.0 -40.355949518807414 -13.708117707609457 42.6205940246582
232.0 360.0 -60.80269522199564 1.6001536601076622 60.82374572753906
248.0 360.0 -42.63454645835292 -0.5604081720827253 42.63822937011719
264.0 360.0 -35.47575379042096 1.3538248208080554 35.5015754699707
280.0 360.0 -20.259492031148532 8.375075381493192 21.922338485717773
296.0 360.0 -36.62614516991975 16.962720997870466 40.36345291137695
312.0 360.0 -39.35678563521127 10.315945539491983 40.686302185058594
328.0 360.0 -26.01363346846558 22.08494733855535 34.12409591674805
344.0 360.0 -16.141168619643473 25.706183529306667 30.353668212890625
360.0 360.0 -21.5325254242468 22.68743830385828 31.278898239135742
376.0 360.0 -17.170406290768295 13.781168826543302 22.016889572143555
392.0 360.0 -12.365688241831787 13.550737355194151 18.34482765197754
408.0 360.0 -15.647156282510338 14.830364671450203 21.5585994720459
424.0 360.0 -0.9421124823726056 23.214770321269558 23.23387908935547
440.0 360.0 -6.963074743816804 14.637573933088978 16.209348678588867
456.0 360.0 1.3443203981025005 35.99175126871186 36.016849517822266
472.0 360.0 9.32888346724229 33.34271041884811 34.62317657470703
488.0 360.0 45.722546685495644 159.35479136413753 165.7845001220703
24.0 376.0 -34.6601015967127 -167.1109692926056 170.66751098632812
40.0 376.0 -6.3137056463152375 -30.560572921446774 31.20595359802246
56.0 376.0 -8.400001115277174 -36.2433396894405 37.20402908325195
72.0 376.0 -9.335911575450897 -16.469526417470323 18.931575775146484
88.0 376.0 -6.417286013251385 -24.493944903612253 25.320642471313477
104.0 376.0 -7.51240318349517 -13.374099122775377 15.339580535888672
120.0 376.0 -18.178813952396663 -20.26776321057899 27.225934982299805
136.0 376.0 -23.536151222521145 -15.967159049652878 28.441177368164062
152.0 376.0 -20.92753603384847 -32.33738035929169 38.518409729003906
168.0 376.0 -16.87049561562341 -11.051826650140825 20.16820526123047
184.0 376.0 -17.478796681273977 -17.44810416560155 24.697057723999023
200.0 376.0 -43.30152484020418 -5.4211738314334905 43.63956069946289
216.0 376.0 -35.9777251521884 -8.232001738002118 36.90748596191406
232.0 376.0 -22.45812289980448 4.084832629553626 22.826587677001953
248.0 376.0 -41.907797398336456 5.451711087006773 42.26091003417969
264.0 376.0 -34.47834439928132 18.418865707464814 39.089778900146484
280.0 376.0 -25.275706311916835 15.69698242992425 29.75326156616211
296.0 376.0 -30.628288751396205 7.564215422916921 31.548524856567383
312.0 376.0 -25.502051318686917 -2.397577249319238 25.6145076751709
328.0 376.0 -19.935143063931545 17.259098850762676 26.368284225463867
344.0 376.0 -7.978834235937184 7.757299889097654 11.128230094909668
360.0 376.0 -11.417192537468647 11.809984972881907 16.426443099975586
376.0 376.0 -11.251593424354898 15.719701417719891 19.331512451171875
392.0 376.0 -7.169244136525267 17.329824161147616 18.754222869873047
408.0 376.0 -9.718415227505897 15.436445681743583 18.240928649902344
424.0 376.0 -7.690493035137838 16.653041885583374 18.343050003051758
440.0 376.0 -6.224913000058186 12.26099391608889 13.750691413879395
456.0 376.0 1.7001549542362335 28.915824014882514 28.965763092041016
472.0 376.0 5.4987443557068065 32.176499160738054 32.642967224121094
488.0 376.0 38.78860488443784 170.55510413918654 174.91026306152344
24.0 392.0 -26.59193077766022 -158.56717590270182 160.78146362304688
40.0 392.0 -11.437248677266052 -28.188333653096517 30.420269012451172
56.0 392.0 -17.341096918010695 -28.49349418375578 33.355552673339844
72.0 392.0 -7.328329343740033 -16.41966886915821 17.98082160949707
88.0 392.0 -11.022858860047373 -20.98648627895631 23.705190658569336
104.0 392.0 -11.307312921358937 -20.12005666419449 23.079689025878906
120.0 392.0 -17.37980883554148 -14.595465238439408 22.695491790771484
136.0 392.0 -22.18932474956166 -11.498645847587666 24.99169921875
152.0 392.0 -26.96058687950724 -4.29425054568294 27.30043601989746
168.0 392.0 -21.100751308997026 -6.857759360653215 22.187171936035156
184.0 392.0 -25.737725156850477 -10.349951240603756 27.740800857543945
200.0 392.0 -25.64181651757296 -14.559104593565003 29.48678207397461
216.0 392.0 -33.058596093896114 3.1627526843831295 33.20954513549805
232.0 392.0 -44.86930433599186 -6.421300057343857 45.326454162597656
248.0 392.0 -32.96659897136012 9.609998566496408 34.3387336730957
264.0 392.0 -39.04213410431506 5.408764067357182 39.415008544921875
280.0 392.0 -28.316462029545633 7.5862518394376135 29.3150691986084
296.0 392.0 -35.35839353544974 11.999834298599364 37.339149475097656
312.0 392.0 -23.506872766265328 16.51073881506026 28.72590446472168
328.0 392.0 -19.43690187744489 14.288045969200596 24.123462677001953
344.0 392.0 -14.587186762067033 4.500345741533463 15.265619277954102
360.0 392.0 -7.418645275895824 1.732505614633635 7.618259429931641
376.0 392.0 -18.807040230366585 11.736857242372057 22.168865203857422
392.0 392.0 -10.592992207257115 7.193349268093063 12.804520606994629
408.0 392.0 -11.434754404480008 8.86238780592047 14.467049598693848
424.0 392.0 -11.79204730265778 16.159213870896277 20.004314422607422
440.0 392.0 -6.792572072111197 13.167924368520987 14.816655158996582
456.0 392.0 -2.3805859245766707 26.30851594687485 26.41600227355957
472.0 392.0 5.978970010543181 23.714173209011193 24.456289291381836
488.0 392.0 34.013482831652766 146.00776496060462 149.91725158691406
24.0 408.0 -23.02754385200261 -145.73579366149139 147.54385375976562
40.0 408.0 -10.640428479446875 -32.54697235221459 34.24213790893555
56.0 408.0 -11.140537893370348 -32.990075274494814 34.82034683227539
72.0 408.0 -9.297410126148307 -19.283958662289542 21.40824317932129
88.0 408.0 -10.496249927343372 -25.438451025043538 27.518831253051758
104.0 408.0 -16.64496128001732 -10.601655904312278 19.73448371887207
120.0 408.0 -6.582954329789451 -12.511843444519748 14.137946128845215
136.0 408.0 -19.795953449241033 -13.265972347485164 23.82993507385254
152.0 408.0 -26.328109540908006 -20.34152505666519 33.27081298828125
168.0 408.0 -18.650153404551382 -7.442444978217255 20.080293655395508
184.0 408.0 -32.21699461697746 -0.8232851139682983 32.22751235961914
200.0 408.0 -25.464295591847712 -12.283883107387215 28.272321701049805
216.0 408.0 -25.396819428362264 -11.748909677893657 27.982769012451172
232.0 408.0 -34.071513073940615 -3.018205310985013 34.204933166503906
248.0 408.0 -17.841109944379262 -4.079158790406435 18.301496505737305
264.0 408.0 -38.34551874878904 13.204335446388724 40.55531311035156
280.0 408.0 -26.915194428654306 -2.1948929881254107 27.004541397094727
296.0 408.0 -28.923451217453223 1.5628663078058058 28.96564483642578
312.0 408.0 -18.370448223623864 6.4728101091561046 19.477439880371094
328.0 408.0 -18.83614121233911 12.737368113104617 22.7385311126709
344.0 408.0 -20.519163708497157 10.955525992798693 23.26068878173828
360.0 408.0 -11.974049718346286 13.849552870761775 18.30813980102539
376.0 408.0 -13.074535565472704 12.170975789456445 17.862701416015625
392.0 408.0 -13.596893260968903 13.698317950699623 19.300762176513672
408.0 408.0 -10.475112167149138 11.81893704211656 15.792885780334473
424.0 408.0 -10.74357489683775 13.239779536799524 17.050399780273438
440.0 408.0 -2.4435004854074456 12.698142578504239 12.931106567382812
456.0 408.0 -7.309832780944395 32.32816941100045 33.14429473876953
472.0 408.0 -1.355955996501196 34.603397105296175 34.62995529174805
488.0 408.0 30.89460477017215 138.20845464006442 141.61940002441406
24.0 424.0 -24.401216362306254 -149.68537028045154 151.66123962402344
40.0 424.0 -18.197318668605483 -29.451674710625298 34.61998748779297
56.0 424.0 -16.11182354184537 -34.99719733148984 38.5278434753418
72.0 424.0 -16.996455686826778 -19.253252816204785 25.68204116821289
88.0 424.0 -14.37921333276777 -11.812723652034522 18.60919761657715
104.0 424.0 -21.448502927062727 -10.383422103793947 23.829681396484375
120.0 424.0 -11.711927473108593 -21.558762907687008 24.534658432006836
136.0 424.0 -17.36459962156073 -12.685851540261206 21.504886627197266
152.0 424.0 -25.599128084154966 -2.9251046953105213 25.765705108642578
168.0 424.0 -23.522409045786205 -9.846617360000565 25.50018882751465
184.0 424.0 -27.03729629387032 -6.323946678891616 27.767024993896484
200.0 424.0 -35.968760492190334 -10.435475913976756 37.45198059082031
216.0 424.0 -24.120001817069102 -10.86065677132943 26.45237922668457
232.0 424.0 -37.748886208941606 -4.072904052282937 37.96797180175781
248.0 424.0 -17.94470438839674 1.613288053057848 18.017078399658203
264.0 424.0 -46.43977076981612 8.498939774181911 47.2110595703125
280.0 424.0 -28.99708854659187 8.394923175179702 30.187843322753906
296.0 424.0 -28.802181529556286 12.2365810968673 31.29376220703125
312.0 424.0 -25.21077678834628 13.688279766560667 28.687145233154297
328.0 424.0 -20.131520024063075 6.098310562907976 21.034912109375
344.0 424.0 -21.320538655731585 5.570145981369527 22.036149978637695
360.0 424.0 -20.650339257509945 8.19261405306037 22.216108322143555
376.0 424.0 -15.598086855507761 5.571228335711059 16.56317901611328
392.0 424.0 -16.10943307897157 13.800784036806212 21.21262550354004
408.0 424.0 -18.022166364717833 12.959351591684866 22.19782066345215
424.0 424.0 -14.193743961792471 15.831589614715059 21.262680053710938
440.0 424.0 -5.361385833884517 10.63216375037414 11.907449722290039
456.0 424.0 -5.625147708621655 18.420997860323162 19.260723114013672
472.0 424.0 -2.330140063569297 23.28093313700781 23.39725112915039
488.0 424.0 22.543886878937116 130.75010417237894 132.67938232421875
24.0 440.0 -27.835279950333348 -144.07936966006272 146.74354553222656
40.0 440.0 -12.085860265421957 -39.371170730036255 41.18442916870117
56.0 440.0 -12.359833520116213 -21.48882433632146 24.789817810058594
72.0 440.0 -16.000202833154855 -13.838596487347619 21.154508590698242
88.0 440.0 -16.579701383831104 -19.859331915950303 25.870437622070312
104.0 440.0 -16.830167917772016 -12.358259026239988 20.88016128540039
120.0 440.0 -13.472716981197667 -12.303406178702728 18.245216369628906
136.0 440.0 -13.598652092980577 -12.991394837264117 18.80690574645996
152.0 440.0 -27.839640750932187 -11.98133749322754 30.308382034301758
168.0 440.0 -21.82758319604354 -1.793836466835296 21.901168823242188
184.0 440.0 -24.472766356744643 -13.443004968976211 27.92186737060547
200.0 440.0 -29.87560486881335 -7.202797319657626 30.731613159179688
216.0 440.0 -29.55841665530987 -2.071467671665141 29.63091278076172
232.0 440.0 -25.085065403585798 -1.4800136964981636 25.128686904907227
248.0 440.0 -27.216847467697832 -16.16337148863879 31.654563903808594
264.0 440.0 -22.438687461456404 -9.944070737510224 24.543415069580078
280.0 440.0 -28.367675311583483 3.3168690603087896 28.560928344726562
296.0 440.0 -31.675087571480844 -0.0368029673430063 31.67510986328125
312.0 440.0 -22.848418886594814 0.8813546238309584 22.86541175842285
328.0 440.0 -22.923556628201553 4.952723062768817 23.452482223510742
344.0 440.0 -19.472597254717893 2.2607179101793897 19.603389739990234
360.0 440.0 -19.79016926332481 9.615910358059072 22.002647399902344
376.0 440.0 -13.10223595913371 6.76682923937767 14.746476173400879
392.0 440.0 -12.608129093404882 6.035030438755036 13.978072166442871
408.0 440.0 -18.472497310220334 9.066607826677554 20.577573776245117
424.0 440.0 -13.541844129112096 14.903036146384235 20.136585235595703
440.0 440.0 -12.286296306962935 14.472194712171193 18.98413848876953
456.0 440.0 -9.353808200019728 21.403558487784437 23.358211517333984
472.0 440.0 1.810148566778266 13.46542263196472 13.586546897888184
488.0 440.0 17.36437219159318 124.19744300986163 125.40544891357422
24.0 456.0 -37.3466629314056 -127.65654791528657 133.0074005126953
40.0 456.0 -13.574588598180588 -18.266505059491912 22.7581787109375
56.0 456.0 -21.566131546081767 -21.15439238840026 30.209375381469727
72.0 456.0 -37.45042369238532 -14.314287093830334 40.092803955078125
88.0 456.0 -39.180523191142825 -16.623510612173465 42.56118392944336
104.0 456.0 -33.63711997044462 -11.946760628175184 35.69567108154297
120.0 456.0 -28.307953885265235 -4.45665023618767 28.6566219329834
136.0 456.0 -26.195530234688515 -4.24530440948087 26.537302017211914
152.0 456.0 -41.821944793035726 -4.835151467960023 42.100521087646484
168.0 456.0 -45.09745565094968 -8.411922335725565 45.875274658203125
184.0 456.0 -41.88180832663175 -7.6189500773198 42.56917190551758
200.0 456.0 -40.27364942243286 -3.9027183974810553 40.462303161621094
216.0 456.0 -42.13206694521334 -8.226111863484917 42.9276123046875
232.0 456.0 -48.19058043802914 -1.439509105864901 48.212074279785156
248.0 456.0 -51.859735606646474 5.960277495188901 52.20112228393555
264.0 456.0 -44.871182534126554 -2.2571135071620576 44.927913665771484
280.0 456.0 -25.26370183371792 -9.1710445267159 26.876806259155273
296.0 456.0 -51.04473759466249 -1.1984053099280516 51.05880355834961
312.0 456.0 -39.820928496353325 1.9989699744146567 39.871070861816406
328.0 456.0 -39.28139257131905 -0.7907307208462802 39.28934860229492
344.0 456.0 -34.963220094995904 -1.6346905552383078 35.00141525268555
360.0 456.0 -23.928871239927577 9.36963919212795 25.697879791259766
376.0 456.0 -32.29606101792014 7.293464766066195 33.10936737060547
392.0 456.0 -27.93163897200881 2.284514538129182 28.0249080657959
408.0 456.0 -22.1571083821571 1.2093999208015551 22.19009017944336
424.0 456.0 -23.73075583510569 8.414577849109294 25.17844009399414
440.0 456.0 -23.65381960752856 12.717991640410286 26.856107711791992
456.0 456.0 -24.730023584382273 25.3878283243697 35.44172668457031
472.0 456.0 -17.4325898329575 20.322484231728232 26.774961471557617
488.0 456.0 4.543401141159037 113.86979780598524 113.96040344238281
24.0 472.0 -27.990466098763704 -119.96148666901748 123.18370056152344
40.0 472.0 -15.455468333713524 -23.970327343028146 28.521011352539062
56.0 472.0 -23.371702947634507 -21.65897895332992 31.86452293395996
72.0 472.0 -23.342601391084 -9.965417712112727 25.380830764770508
88.0 472.0 -41.21448758528856 -6.601788029501115 41.7398796081543
104.0 472.0 -19.845906584256454 -5.284377431186552 20.537397384643555
120.0 472.0 -30.157684673995046 0.7735421961019407 30.167604446411133
136.0 472.0 -35.879416956441474 -4.929082266518541 36.21641159057617
152.0 472.0 -32.9719517952386 -6.884168423386427 33.682952880859375
168.0 472.0 -41.09904938373271 -5.45561970879747 41.45956802368164
184.0 472.0 -35.2536279915394 -3.7913182068733704 35.4569091796875
200.0 472.0 -43.33363722433687 -7.468388495098892 43.972503662109375
216.0 472.0 -43.39114812150774 -18.6783464818593 47.24058151245117
232.0 472.0 -37.33433464201661 -4.754825033838203 37.63589859008789
248.0 472.0 -43.986159372028304 -10.009423438177059 45.11064910888672
264.0 472.0 -33.37466661481543 -10.130330914195337 34.87824630737305
280.0 472.0 -43.64421321733679 -8.31388959629856 44.42902374267578
296.0 472.0 -36.224691656180426 -7.332394062552594 36.95933151245117
312.0 472.0 -37.355486018912444 -7.2236828404114695 38.047523498535156
328.0 472.0 -47.155278449216695 -4.647041336118419 47.38370132446289
344.0 472.0 -31.231923642475024 0.004805358359145847 31.231924057006836
360.0 472.0 -21.991958811300748 -1.9301402930844034 22.076496124267578
376.0 472.0 -34.608206145692684 -4.759271744248859 34.93391799926758
392.0 472.0 -33.696700591329936 3.10423869193011 33.839385986328125
408.0 472.0 -21.10495991191709 1.528249489470473 21.160219192504883
424.0 472.0 -23.565414144304057 5.452654921309687 24.188016891479492
440.0 472.0 -23.16219454578827 4.196273742863863 23.539243698120117
456.0 472.0 -21.4908638654603 14.781807572056628 26.08369255065918
472.0 472.0 -20.75901498177621 17.231211949107873 26.97871971130371
488.0 472.0 -1.5379680050432778 112.8959343305506 112.90641021728516
24.0 488.0 -117.318852197326 -110.00701986790546 160.82679748535156
40.0 488.0 -140.20471485306408 8.474269064619618 140.46058654785156
56.0 488.0 -152.5506630941311 2.095045471577464 152.56504821777344
72.0 488.0 -155.74200443611207 17.756647406422797 156.7509765625
88.0 488.0 -186.5945687478185 18.08230137996244 187.4686737060547
104.0 488.0 -184.61021847316928 18.413957323049853 185.5262908935547
120.0 488.0 -194.6402809533485 8.487918108895117 194.8252716064453
136.0 488.0 -201.3167267088133 7.042882982284649 201.43988037109375
152.0 488.0 -200.1242708121331 -2.6040294957189114 200.14120483398438
168.0 488.0 -215.8384135784261 -11.720798304173544 216.1564178466797
184.0 488.0 -213.9057769873816 -20.839269421232466 214.91848754882812
200.0 488.0 -211.70280387501612 -8.747387473994483 211.88343811035156
216.0 488.0 -211.92298017443738 -12.846049042715215 212.3119659423828
232.0 488.0 -210.89155346995673 -34.398817153911374 213.67855834960938
248.0 488.0 -203.066010539882 -34.9838425620166 206.0574493408203
264.0 488.0 -189.53725964320222 -33.385294151835616 192.45506286621094
280.0 488.0 -198.66609684344138 -28.631344658502332 200.71864318847656
296.0 488.0 -187.85629296293064 -26.68714773508998 189.742431640625
312.0 488.0 -169.15951301396217 -30.87719486310736 171.95448303222656
328.0 488.0 -157.87318413783632 -24.226184037546926 159.72116088867188
344.0 488.0 -146.76898207105333 -18.76776072974853 147.9640655517578
360.0 488.0 -154.42672180438967 -16.580368116512943 155.31427001953125
376.0 488.0 -133.26235555093007 -14.208785919894554 134.0177001953125
392.0 488.0 -130.21809391877096 -7.600175340673758 130.439697265625
408.0 488.0 -123.315818873381 -0.7696430800208172 123.31822204589844
424.0 488.0 -113.81881772755769 -3.321871515960199 113.86727905273438
440.0 488.0 -106.41583975629467 -6.467698795077842 106.6122055053711
456.0 488.0 -98.39721616342202 12.571859972187333 99.19709777832031
472.0 488.0 -104.90001288602774 25.32394796366911 107.91345977783203
488.0 488.0 -86.31414758392519 78.14140432849062 116.43114471435547
